##请不要添加多余的空格，也不要随意改变设置中参数的相对位置##

#设置
    *最大列数       4
    *最大行数       4
    *格子大小       3
    *游戏目标       2048
    *自动保存       Y

#会随机生成的方块
#请按 <ID> <显示文字> <生成频率> 的格式注册
#-1为结束标志
    0 2 0.9
    1 4 0.1
    -1

#不生成的方块
#请按 <ID> <显示文字> 的格式注册
#-1为结束标志
    2 8
    3 16
    4 32
    5 64
    6 128
    7 256
    8 512
    9 1024
    10 2048
    11 4096
    12 8192
    13 16384
    14 32768
    15 65536
    16 131072
    -1

#方块合并关系
#设A方块与B方块合并后停留在B方块原来的位置
#请按 <A的ID> <B的ID> <合并后的ID> 的格式注册
    0 0 1
    1 1 2
    2 2 3
    3 3 4
    4 4 5
    5 5 6
    6 6 7
    7 7 8
    8 8 9
    9 9 10
    10 10 11
    11 11 12
    12 12 13
    13 13 14
    14 14 15
    15 15 16